1	0.0152485	0.034161365	0.019935712	0.028227211	0.018512919	0.029743864	0.023408281	0.024369941	0.027927871	0.030772348	0.029802949	0.030186171	0.028789178	0.02995795	0.034668192	0.018506508	0.021791113	0.018386567	0.023328699	0.029243912	0.038655265	0.033216122	0.189158462	0.135414581	0.026375937	0.030186084	0.032969755	0.025435213	0.023587883	0.025263568	0.028679668	0.028697952	0.028575204	0.028108475	0.026110973	0.029209429	0.027296588	0.024419798	0.030747461	0.034892047	0.02666784	0.036133698	0.045291253	0.01798253	0.035292014	0.025041347	0.025004191	0.031909512	0.035306344	0.020199603	0.022112644	0.019375534	0.024241669	0.018183834	0.01861389	0.024678708	0.01900741	0.020116876	0.020400201	0.020002588	0.018513529	0.016819321	0.018268873	0.020915993	0.026985105	0.015161711	0.018195621	0.028825879	0.029987668	0.027032265	0.021463317	0.026706203	0.026897061	0.028822296	0.025679628	0.020828937	0.028425789	0.026629443	0.022951487	0.027012046	0.027352365	0.028979182	0.028473516	0.142888195	0.022643617	0.030702741	0.017249795	0.022033883	0.025548612	0.027198323	0.03118361	0.030105129	0.026641522	0.026125809	0.027056689	0.026855406	0.033227516	0.031713299	0.02486045	0.030410672	0.031740354	0.028935153	0.030735707	0.028576674	0.022852843	0.046133303	0.031038362	0.026254097	0.025804976	0.030879866	0.028959034	0.023224173	0.022027314	0.025797541	0.027192996	0.024037571	0.027396596	0.024799333	0.045454594	0.023776771	0.030696363	0.028604803	0.025415536	0.028847701	0.043725956	0.021604522	0.011243211	0.029751815	0.024118157	0.025418103	0.033015727	0.017986653	0.044521963	0.026331968	0.021533525	0.028519213	0.032013116	0.03040083	0.027438749	0.025933401	0.034789272	0.032382327	0.012267965	0.010731225	0.011467507	0.020007714	0.034732795	0.023975595	0.021606562	0.020987937	0.035928036	0.020470439	0.019139635	0.025035325	0.019111392	0.024124965	0.024610441	0.023538795	0.024077705	0.021194667	0.026332184	0.0307718	0.024268186	0.02805792	0.027377709	0.019232983	0.020487807	0.017614288	0.015869122	0.017028099	0.015160455	0.018074245	0.020301897	0.017128604	0.022838556	0.027279883	0.025369059	0.031560681	0.024965791	0.036337537	0.024967994	0.025020684	0.020004339	0.03583627	0.026375306	0.039163048	0.016920021	0.019635713	0.01658952	0.026932804	0.035121036	0.019033147	0.018466101	0.029219733	0.02971113	0.031082237	0.024279337	0.030288565	0.023926743	0.02061213	0.019704672	0.03293516	0.133161638
0.0152485	1	0.016270483	0.152868964	0.010799216	0.006184374	0.01278719	0.009883411	0.008746026	0.008634939	0.010326756	0.010627467	0.008372094	0.010902959	0.010852307	0.011283115	0.007227757	0.006737532	0.007245607	0.010013974	0.011058694	0.01029334	0.010152493	0.014677401	0.013861979	0.01102407	0.011515073	0.011562491	0.010264904	0.011018633	0.010597612	0.010845323	0.010318521	0.012045832	0.011892646	0.010197698	0.011319374	0.009416989	0.011656585	0.011660416	0.010687973	0.01249822	0.012829177	0.011792399	0.007515967	0.010501618	0.009598843	0.010307966	0.011769978	0.010783682	0.007568308	0.008766992	0.008019893	0.007986306	0.009347584	0.007269696	0.007196615	0.007233042	0.007731981	0.007040908	0.008853662	0.008134312	0.005474019	0.006918738	0.005445858	0.009309531	0.004990396	0.004587161	0.010647111	0.012839548	0.013276869	0.011629838	0.010661948	0.011171672	0.013043375	0.012686554	0.011110929	0.010765338	0.00878238	0.007741424	0.010090935	0.008485411	0.008777134	0.010439554	0.018089791	0.009710526	0.012076066	0.007984528	0.007199273	0.01428233	0.009690579	0.011228706	0.010937325	0.009373788	0.012470935	0.016183769	0.014373044	0.012272897	0.010616313	0.011466225	0.010557293	0.011489221	0.012054067	0.011372114	0.010874512	0.007409623	0.013408344	0.011050078	0.01188115	0.009148995	0.012901609	0.010496876	0.007229911	0.007820742	0.011082815	0.010974294	0.011821833	0.010020448	0.008112586	0.01030784	0.011220668	0.008577161	0.010426891	0.008771896	0.010399876	0.010585909	0.008693381	0.003922681	0.01279844	0.007992217	0.008824085	0.010175145	0.006907648	0.013963212	0.011731387	0.011213287	0.011043043	0.010187461	0.008455094	0.00873177	0.00868144	0.016257981	0.010960724	0.003897991	0.004328068	0.0042022	0.007553588	0.013298989	0.007282894	0.007647382	0.006181257	0.01221284	0.007049156	0.006393733	0.006083841	0.006809259	0.006368613	0.008446612	0.009118387	0.0094036	0.008501343	0.011686468	0.014637301	0.01202087	0.009436126	0.011071588	0.681924898	0.008636602	0.005471255	0.005482599	0.005772012	0.006578832	0.005517329	0.007712312	0.006600419	0.008744753	0.009628256	0.008020715	0.009790939	0.008553021	0.014063852	0.010133709	0.011943413	0.008478941	0.012151509	0.010502913	0.008987019	0.005710748	0.006685595	0.007774888	0.009577972	0.011014843	0.009335015	0.007826951	0.01032499	0.013282276	0.010667813	0.006660221	0.012426703	0.012295582	0.012394618	0.007752708	0.013852353	0.026887751
0.034161365	0.016270483	1	0.014459291	0.023931329	0.011131639	0.020863005	0.024122075	0.018366267	0.016886468	0.019846794	0.016591513	0.017551737	0.020479123	0.016677803	0.018211308	0.013039189	0.014467659	0.015270904	0.027269328	0.017434557	0.020498019	0.020135353	0.024951056	0.02832175	0.021329964	0.021972176	0.018762374	0.025692466	0.023293466	0.029951979	0.017486762	0.027218972	0.026328191	0.02759297	0.024146183	0.019715003	0.015922245	0.025477427	0.020540795	0.016741594	0.015555493	0.593987559	0.019330704	0.015350202	0.030412795	0.019792345	0.022529794	0.018915638	0.015455443	0.012616636	0.015443788	0.014418873	0.014921565	0.018042712	0.015610386	0.015167648	0.018582545	0.013901238	0.013499201	0.013944224	0.014925502	0.013269596	0.012050396	0.013474912	0.019963631	0.010093368	0.010683456	0.021745081	0.025787613	0.017131599	0.018486521	0.014522459	0.020044272	0.017964254	0.016487274	0.016189869	0.027941229	0.025257065	0.021076018	0.026733862	0.015896823	0.016154865	0.022486713	0.031332223	0.023497986	0.021189768	0.012815966	0.013030731	0.017960141	0.016699922	0.018501062	0.014343218	0.018439192	0.01899753	0.020391119	0.020377107	0.021107788	0.021484943	0.015360191	0.02218725	0.020706077	0.018113006	0.020252766	0.026686961	0.014477329	0.023200735	0.015139937	0.018853663	0.017809532	0.019207767	0.014541141	0.020111874	0.016523762	0.020553151	0.025146786	0.022798768	0.0152196	0.017369555	0.026284439	0.021564785	0.025563857	0.020754927	0.018163379	0.024414433	0.023573837	0.023471634	0.00716606	0.02061179	0.014660925	0.014464892	0.018021657	0.012282978	0.02879146	0.014651954	0.019216912	0.017894248	0.021456721	0.020839183	0.017696771	0.015962883	0.196455306	0.023035101	0.007809739	0.006585881	0.007734412	0.010816659	0.022672399	0.009664494	0.012295826	0.011747981	0.020445868	0.014091876	0.011919495	0.013487218	0.010303464	0.011059469	0.02228111	0.019603052	0.018595708	0.014343317	0.021796474	0.018858609	0.016505231	0.02128954	0.018563478	0.016310307	0.014712759	0.012837639	0.01233048	0.013164211	0.011862794	0.01241373	0.012689767	0.012476823	0.018858288	0.017249323	0.024061637	0.017578362	0.022058999	0.093334519	0.017134074	0.019776013	0.015619957	0.027981978	0.017216912	0.024175558	0.009985441	0.011002347	0.009440737	0.016822181	0.022257828	0.017632434	0.015152019	0.015836493	0.021055196	0.019296249	0.012583198	0.031339212	0.015766117	0.017315591	0.013705391	0.020184432	0.035569925
0.019935712	0.152868964	0.014459291	1	0.012150139	0.009885239	0.012927342	0.011823556	0.009847433	0.011184366	0.01351021	0.009686608	0.01051196	0.013974905	0.011301859	0.009967773	0.007999565	0.007757118	0.008093028	0.011783359	0.0118973	0.014073091	0.008096972	0.013377997	0.01946715	0.009450978	0.009558523	0.012395128	0.008488436	0.012039423	0.011803614	0.013490834	0.013317011	0.012715117	0.01332042	0.010631026	0.009611978	0.013117865	0.010866085	0.01088588	0.010776818	0.012281721	0.012058817	0.012557033	0.007454207	0.020459936	0.010956945	0.010755251	0.011536513	0.011057616	0.007102889	0.010868142	0.007560425	0.007925013	0.008713671	0.009023705	0.009751387	0.008717971	0.00856778	0.006839778	0.00894506	0.007414173	0.0069398	0.008092155	0.006427095	0.015489765	0.005422667	0.004935016	0.010738599	0.012809876	0.009841545	0.008982668	0.00839765	0.009403738	0.013374711	0.011075082	0.008409249	0.013108582	0.008057531	0.007381018	0.007838842	0.009011712	0.009631682	0.010859887	0.018899307	0.01173527	0.010289957	0.008187356	0.006228692	0.014444521	0.011465475	0.009388294	0.010467485	0.009996384	0.013175237	0.010737864	0.010754872	0.012997273	0.010684403	0.012136772	0.011241841	0.010954336	0.01023585	0.012740718	0.015258925	0.007137372	0.014894698	0.012852824	0.014018752	0.014365275	0.010928589	0.010157129	0.0086267	0.00842038	0.0106756	0.011979074	0.010517738	0.010797452	0.011544272	0.010569687	0.013489445	0.01059403	0.010500837	0.008836924	0.012638887	0.010650011	0.01083689	0.005283057	0.010706058	0.012146518	0.009953065	0.010073841	0.010324549	0.011346272	0.009373555	0.010714171	0.011714033	0.009686522	0.009592203	0.008953581	0.00748896	0.012860468	0.013832807	0.004274581	0.004381835	0.004138857	0.005786845	0.013091347	0.005956539	0.006038968	0.006797573	0.01412177	0.007757118	0.007038221	0.006594866	0.006982233	0.006172563	0.008810509	0.010576251	0.008418035	0.00841143	0.010385558	0.00963744	0.011220032	0.011236447	0.01010869	0.145789855	0.008595525	0.008167849	0.009125357	0.007205296	0.007842169	0.007155054	0.009863068	0.006768087	0.007412632	0.010358389	0.009675838	0.010039655	0.00964732	0.014945515	0.012155664	0.010947903	0.007576486	0.013127699	0.012426594	0.009746966	0.007194289	0.005242385	0.006844982	0.010873558	0.012360183	0.009572149	0.007567161	0.014487846	0.010177344	0.012636205	0.007871182	0.01470274	0.008741493	0.008647683	0.007832741	0.012175063	0.015236479
0.028227211	0.010799216	0.023931329	0.012150139	1	0.010857222	0.020684028	0.012197097	0.01554879	0.012361835	0.016143287	0.016059594	0.018331632	0.012871798	0.018705517	0.017312683	0.011788992	0.011610318	0.01270881	0.015380593	0.015341464	0.025233148	0.014205408	0.021686732	0.021402772	0.013108655	0.01436264	0.016148868	0.013009821	0.014194039	0.014910031	0.018806824	0.016936933	0.017667561	0.01686552	0.020290033	0.015501553	0.016378375	0.014945835	0.016568553	0.016958578	0.015214176	0.020356021	0.017819969	0.013778169	0.019836772	0.014231515	0.014210398	0.014908927	0.015761372	0.010855244	0.011073085	0.010946359	0.010900516	0.010823444	0.012720087	0.012622878	0.013231224	0.015453174	0.010826463	0.011018103	0.009105249	0.00827201	0.00947501	0.00962691	0.018049519	0.007878853	0.007386391	0.015034243	0.013896283	0.013294899	0.012324845	0.015878196	0.017385902	0.017820333	0.016321395	0.011593214	0.017284681	0.014901231	0.013545489	0.01455569	0.01259367	0.012100017	0.012117513	0.022694213	0.014673966	0.017991606	0.012254269	0.010029181	0.014486954	0.016333495	0.013052423	0.018731543	0.018131339	0.018845332	0.013810416	0.014968973	0.015201695	0.015151475	0.013693978	0.016873948	0.014925077	0.015369232	0.023231383	0.029117967	0.010688026	0.023216748	0.013209038	0.016724353	0.013393371	0.021756562	0.013628132	0.011521341	0.010242473	0.015225171	0.015246302	0.014711898	0.013345758	0.012259255	0.014999682	0.014909589	0.015317892	0.014631031	0.010930028	0.02124526	0.020524187	0.016743131	0.006370088	0.027483496	0.014665368	0.012889949	0.016966699	0.013446107	0.023090972	0.015195232	0.012708637	0.025031379	0.018753522	0.016039003	0.015114192	0.01332711	0.017548635	0.01974842	0.006708524	0.007119839	0.006517221	0.008921703	0.016479243	0.008385124	0.009430976	0.009070001	0.016491983	0.010912075	0.010940599	0.00801151	0.011081265	0.008701031	0.013424223	0.012197947	0.011277904	0.013072103	0.388282181	0.382542532	0.376113212	0.352112973	0.423081022	0.017211831	0.016889682	0.008267834	0.00852512	0.011629759	0.010935692	0.008460068	0.010868697	0.009704587	0.010747833	0.012164458	0.011645114	0.016909123	0.014992785	0.020866044	0.013579857	0.014219772	0.010250295	0.026888142	0.014955718	0.018542805	0.00973928	0.008557727	0.008900717	0.013956743	0.033289947	0.010100962	0.011996587	0.016423693	0.012572185	0.013341155	0.01142921	0.014806118	0.014121065	0.011199385	0.009648	0.017277906	0.026196407
0.018512919	0.006184374	0.011131639	0.009885239	0.010857222	1	0.011386697	0.009659786	0.009899495	0.008189706	0.011583137	0.010356093	0.010019589	0.010458542	0.008856229	0.009861416	0.007043195	0.007039977	0.009958592	0.027075783	0.013455224	0.012994734	0.011542121	0.015241887	0.020985189	0.00877647	0.010886077	0.009310379	0.010164123	0.010758287	0.010045306	0.011566525	0.009943773	0.010388187	0.008885316	0.010278429	0.010209745	0.012861606	0.012299087	0.012438436	0.017954309	0.026403145	0.010775617	0.010597438	0.009596345	0.013230944	0.009625048	0.011267795	0.009357303	0.009071042	0.007875054	0.007793294	0.008415253	0.008261981	0.007897669	0.008414063	0.008478219	0.008953004	0.007198989	0.007130603	0.00715809	0.005889083	0.006201324	0.0062405	0.006119779	0.009013052	0.005801109	0.005167819	0.023989715	0.02464232	0.023011723	0.021312557	0.019538825	0.023986944	0.025049003	0.025134128	0.021088818	0.024197987	0.019906202	0.018417878	0.020453717	0.019021174	0.017918988	0.019547168	0.018139177	0.027169568	0.015428873	0.0094881	0.00731811	0.011114753	0.011952983	0.009813862	0.010021737	0.013398977	0.01125383	0.011863192	0.010856224	0.014010794	0.014050975	0.010506362	0.017672775	0.010896817	0.013806243	0.013893505	0.012061905	0.011418448	0.015357378	0.010729532	0.010140899	0.009300016	0.009936986	0.012733901	0.01493564	0.011107378	0.019233045	0.025139028	0.025646829	0.009648476	0.008798793	0.012943077	0.01169948	0.011431488	0.011089502	0.010857786	0.010764557	0.012078921	0.013119876	0.004184414	0.012807178	0.00993859	0.007142105	0.010930837	0.006758505	0.013277125	0.010888928	0.014711357	0.011514275	0.011031854	0.008076972	0.012219426	0.012879034	0.014896989	0.011395144	0.003968535	0.004216753	0.00466104	0.431425254	0.012185702	0.436778603	0.448783133	0.455074877	0.011904762	0.467336338	0.348236128	0.431231181	0.444505951	0.476910823	0.008139848	0.008355067	0.008616404	0.008609643	0.013278129	0.01228255	0.008896389	0.012272036	0.009310945	0.007557454	0.012335927	0.107784756	0.117946296	0.134520086	0.126740881	0.116052583	0.137919706	0.138120582	0.006410169	0.007086728	0.008790319	0.010252935	0.010031397	0.015229542	0.009285394	0.010943603	0.008324089	0.013719022	0.010549046	0.01013501	0.143450426	0.121437538	0.119237642	0.009716484	0.011235344	0.010137553	0.008401181	0.00863078	0.015781382	0.010111849	0.006723291	0.012919226	0.010214771	0.019904085	0.006894779	0.012088326	0.023340238
0.029743864	0.01278719	0.020863005	0.012927342	0.020684028	0.011386697	1	0.42203856	0.460225388	0.369166466	0.419992084	0.320171546	0.334519372	0.393199851	0.309529377	0.280328657	0.013531258	0.011367466	0.015025486	0.0148939	0.145068929	0.079690555	0.018421903	0.028999769	0.026246442	0.090179252	0.092863702	0.082014187	0.083816443	0.086201621	0.092832461	0.079684053	0.085545493	0.08067954	0.084657827	0.061988163	0.083119709	0.083502174	0.072746995	0.077053238	0.01583806	0.017638657	0.023278802	0.02592395	0.01319073	0.023819248	0.088400985	0.095160768	0.08636967	0.149480643	0.013034568	0.012346418	0.014082831	0.012154005	0.01233555	0.012728167	0.013058403	0.013124502	0.011766959	0.010982766	0.012285114	0.012208784	0.013183426	0.011377235	0.015102098	0.232667978	0.009055174	0.008459948	0.01773584	0.018889961	0.016544523	0.015895447	0.016822887	0.018455891	0.017831653	0.019909196	0.016080802	0.01495566	0.013699202	0.013307656	0.016923069	0.01787146	0.017323329	0.015373851	0.027869681	0.015732094	0.012962185	0.013129829	0.014287904	0.01704038	0.020627092	0.021315085	0.02149983	0.021771428	0.019543023	0.016928507	0.017621743	0.021904347	0.018906783	0.017785515	0.030208203	0.018652959	0.016746016	0.018724289	0.016962615	0.011815225	0.029905271	0.017955752	0.017719387	0.018157384	0.016963935	0.017973735	0.012164724	0.012298775	0.018891204	0.016380112	0.01514185	0.015716909	0.015020868	0.013854655	0.020009092	0.016624575	0.016554829	0.012845124	0.024811589	0.015946551	0.014846415	0.006374135	0.014972742	0.016832725	0.012542327	0.332652443	0.010622091	0.0210341	0.057225657	0.012254284	0.017273986	0.016132672	0.331320601	0.021317347	0.016252733	0.026550391	0.016828693	0.006974748	0.007555137	0.00732399	0.011658095	0.020752905	0.01006854	0.011962352	0.011378567	0.024989438	0.009671121	0.011260336	0.012458584	0.010771496	0.013455591	0.013212542	0.012476933	0.013812924	0.01515523	0.016116053	0.019011138	0.020413899	0.019883662	0.014860816	0.010511825	0.019589112	0.010657682	0.010524999	0.011839532	0.009102286	0.009569631	0.01116387	0.011167365	0.012694025	0.014320218	0.013983014	0.019352095	0.015830023	0.023663206	0.0156123	0.088984755	0.012747745	0.018899278	0.016492282	0.017247923	0.009622106	0.008848602	0.00954763	0.438209768	0.021117976	0.011083264	0.009941513	0.014133348	0.012977439	0.15685815	0.011060944	0.020380379	0.014576247	0.013679658	0.012205578	0.024337426	0.03209761
0.023408281	0.009883411	0.024122075	0.011823556	0.012197097	0.009659786	0.42203856	1	0.524240883	0.528466917	0.443228701	0.345185853	0.340834194	0.447837311	0.313493071	0.295284205	0.012756704	0.012947044	0.014816189	0.017708862	0.162167359	0.070228956	0.017473006	0.029771452	0.025005646	0.077680599	0.070677755	0.069487397	0.07363744	0.071047188	0.08399636	0.092354415	0.087394043	0.086138276	0.079858574	0.064029105	0.098330426	0.090821276	0.068880442	0.071629449	0.015372628	0.015556436	0.018097493	0.019194185	0.010633079	0.022656887	0.080251831	0.077431649	0.088187251	0.166349294	0.011282968	0.010857917	0.012021692	0.011757572	0.01269258	0.013969665	0.011943426	0.011161504	0.011590116	0.011275017	0.009939683	0.010333041	0.008754274	0.013276369	0.01210736	0.211344342	0.009270904	0.008736005	0.014773139	0.013821651	0.017255662	0.014538232	0.019233105	0.013836111	0.01541953	0.015648593	0.013610167	0.017307727	0.019689233	0.019384076	0.012940717	0.011819072	0.014055336	0.018329743	0.02152494	0.013813274	0.014960416	0.010766469	0.011574468	0.019481758	0.017319489	0.018921735	0.019664092	0.016490039	0.015679267	0.017378973	0.015472446	0.016695058	0.018923812	0.017187688	0.014825269	0.016391266	0.015628752	0.015727534	0.015830899	0.009502175	0.025497481	0.016970042	0.018097188	0.01542082	0.019239206	0.016684428	0.011998684	0.012113939	0.014212713	0.015569026	0.015580103	0.017757277	0.013738328	0.013938861	0.018621702	0.013587541	0.017613365	0.012259156	0.023012701	0.01789974	0.013578771	0.007093029	0.014812215	0.012079532	0.015132504	0.310654543	0.010298044	0.025796581	0.066751838	0.00993914	0.019906824	0.015677403	0.303031171	0.01949719	0.019438861	0.029679731	0.026935639	0.005211191	0.00636452	0.00504692	0.0148413	0.026926453	0.013813274	0.017505537	0.010407021	0.020699541	0.011270705	0.011547235	0.011539061	0.009996663	0.010424499	0.01377622	0.016125093	0.016596981	0.012128566	0.013705616	0.02071205	0.022251599	0.016670425	0.017619184	0.010266101	0.01644104	0.009213568	0.009098864	0.009162684	0.008871006	0.008079266	0.007622039	0.010361879	0.011223155	0.015978953	0.013572096	0.01595878	0.015046175	0.024188956	0.017135114	0.079284649	0.011257249	0.021967098	0.02245856	0.015775229	0.00961289	0.008615208	0.008602082	0.491909016	0.017245395	0.010328195	0.010020491	0.021343902	0.014533929	0.172768485	0.014050719	0.021019827	0.020405618	0.011451328	0.010784997	0.02079977	0.021724174
0.024369941	0.008746026	0.018366267	0.009847433	0.01554879	0.009899495	0.460225388	0.524240883	1	0.442340557	0.426060577	0.355577854	0.34686583	0.439744743	0.339262828	0.312213763	0.012091453	0.010619767	0.015424869	0.014465466	0.168203073	0.069557204	0.016241815	0.023668546	0.019785026	0.070567739	0.079897337	0.072947455	0.074660236	0.070532933	0.080501846	0.093076687	0.092213889	0.093043727	0.076184708	0.060199155	0.103286789	0.099771202	0.080864685	0.083592957	0.014465305	0.017395195	0.015885528	0.023509084	0.010857025	0.021319633	0.082297075	0.085299485	0.10167901	0.171961514	0.009308544	0.010625743	0.01072763	0.013353378	0.013214017	0.011458568	0.011767975	0.010743057	0.012066262	0.011097951	0.014847167	0.00989	0.010489604	0.010459732	0.011184502	0.218509376	0.00875094	0.009094898	0.016887898	0.016787718	0.015200781	0.014352622	0.014416733	0.014692618	0.017596553	0.018661138	0.010969781	0.015403137	0.013842877	0.012436767	0.013736512	0.013875427	0.013302507	0.013593203	0.024768095	0.015878747	0.015868889	0.013364312	0.012827389	0.017577827	0.01545515	0.015520487	0.017952311	0.018139228	0.01697634	0.017763975	0.014765745	0.017033306	0.018002859	0.016615666	0.017539002	0.018805944	0.017572478	0.017829089	0.01615164	0.010862402	0.02316652	0.01966189	0.019121862	0.015313369	0.016475955	0.014304589	0.012718735	0.011710776	0.014506471	0.016208633	0.018623154	0.019073664	0.014874836	0.015500918	0.017046944	0.013808941	0.014798247	0.017017049	0.022627104	0.017944909	0.014136615	0.00606939	0.013674988	0.013068952	0.012196784	0.329175935	0.010923394	0.020483662	0.069230905	0.01210873	0.015132275	0.016001434	0.326358946	0.016457979	0.01618996	0.021669454	0.016024121	0.005612356	0.006152703	0.005922982	0.009150599	0.019301167	0.009137769	0.010175458	0.012072799	0.021549921	0.009357277	0.012021619	0.009009832	0.009804022	0.011907888	0.013587324	0.013688306	0.012378856	0.012884523	0.017768534	0.016504969	0.017041464	0.022088539	0.020701404	0.010348556	0.016238704	0.00959208	0.011120083	0.008816447	0.011935036	0.009672856	0.008983209	0.009400593	0.012490034	0.016635401	0.022824844	0.01570816	0.016255408	0.020322871	0.01783906	0.083479801	0.011929001	0.020245177	0.024428123	0.019409364	0.010289718	0.008289658	0.008819784	0.647460919	0.015799407	0.011150739	0.010238966	0.021594816	0.014374462	0.166519211	0.013457716	0.019818896	0.019827662	0.015233375	0.013394887	0.021274368	0.02383917
0.027927871	0.008634939	0.016886468	0.011184366	0.012361835	0.008189706	0.369166466	0.528466917	0.442340557	1	0.382076856	0.287846206	0.277465578	0.375197747	0.261392381	0.250631863	0.013833102	0.01353059	0.017970395	0.014281734	0.14664908	0.062492271	0.023530017	0.021903766	0.024836513	0.076956587	0.076437448	0.075402552	0.071764724	0.072507526	0.077248358	0.078693728	0.076300123	0.077055245	0.082099767	0.062516896	0.082332584	0.078643652	0.060381636	0.06720309	0.012778251	0.012452112	0.014359182	0.021113398	0.011095235	0.026045881	0.063024198	0.067346871	0.084536878	0.15352495	0.009593396	0.009386488	0.009871346	0.011992606	0.012043466	0.012847386	0.010591646	0.0104585	0.009897645	0.014328373	0.011128369	0.00965619	0.009570037	0.01781969	0.021328427	0.199727417	0.007730339	0.008034182	0.013319914	0.015889079	0.017334264	0.012217667	0.017923818	0.013997018	0.017180553	0.013606448	0.020390221	0.017714392	0.019753595	0.027983963	0.012601165	0.012950972	0.011986089	0.019166393	0.020837573	0.015085477	0.014796924	0.011044008	0.017855478	0.019111099	0.016781387	0.013183048	0.016415017	0.014879144	0.017880359	0.013076838	0.017490351	0.019038749	0.015903229	0.016653681	0.016423079	0.015382085	0.013223333	0.015106879	0.015432641	0.012337131	0.023449095	0.023913526	0.018382172	0.020291112	0.015410545	0.017600532	0.020865705	0.013726988	0.014352371	0.011886857	0.01485913	0.01451619	0.01314002	0.018063216	0.013877717	0.013983575	0.017050908	0.012448699	0.03674294	0.021644129	0.014309047	0.008489092	0.014393319	0.011980403	0.014141272	0.267490014	0.00875596	0.018898911	0.062319346	0.014391679	0.016854591	0.016396861	0.265781907	0.016961612	0.020611366	0.022332564	0.025736847	0.008263001	0.005769597	0.005232199	0.008215901	0.017862029	0.008601368	0.010598638	0.009707682	0.019036606	0.015351069	0.009471506	0.008091687	0.010525963	0.011318019	0.023783063	0.014373357	0.017997417	0.013658198	0.013318016	0.016696491	0.018817449	0.015098885	0.01550927	0.010640257	0.014538672	0.010315418	0.015280494	0.011107769	0.010292056	0.008916245	0.008729071	0.011435326	0.009787651	0.024572393	0.016322297	0.019479987	0.013837413	0.017952663	0.016925832	0.067943683	0.015344443	0.019539959	0.01880467	0.015035457	0.013447706	0.014045477	0.015102853	0.421065231	0.028547918	0.008091281	0.011945988	0.014652783	0.019158391	0.160292424	0.013438806	0.017872205	0.023019989	0.014431869	0.008526486	0.018457597	0.023218748
0.030772348	0.010326756	0.019846794	0.01351021	0.016143287	0.011583137	0.419992084	0.443228701	0.426060577	0.382076856	1	0.289891671	0.30894384	0.380465047	0.292007701	0.266544934	0.012965359	0.010813771	0.01230109	0.018257836	0.157398416	0.05744508	0.015513784	0.025158579	0.025947148	0.079749547	0.084919398	0.076679326	0.070387015	0.082302415	0.078335553	0.08292147	0.089037845	0.086750406	0.076143722	0.055488537	0.072653897	0.072350753	0.076036063	0.073989244	0.018213774	0.016503366	0.022629792	0.020339947	0.011935202	0.021192868	0.081545073	0.078180089	0.081658895	0.169339969	0.011965508	0.014787589	0.01136983	0.012708607	0.012194885	0.012354243	0.012448442	0.013202469	0.013198728	0.013959677	0.014247047	0.009907851	0.009640917	0.01066573	0.010874854	0.234110962	0.008684694	0.010926478	0.023482492	0.023965678	0.012912522	0.012462976	0.014413578	0.016151695	0.016987285	0.016299294	0.011626477	0.016293802	0.015754087	0.013399533	0.013987453	0.015221375	0.015192231	0.014384332	0.026327349	0.016174805	0.021052186	0.012756311	0.012914264	0.024216217	0.020057583	0.016113901	0.01700373	0.015469773	0.02033702	0.016052386	0.016723966	0.022015475	0.019749176	0.019241448	0.018209593	0.01699396	0.016555057	0.023044021	0.018138099	0.011881881	0.025054452	0.016271749	0.014597774	0.012308798	0.021466228	0.014851514	0.016034675	0.012392347	0.013555004	0.02000352	0.017464048	0.017670308	0.01455259	0.016778417	0.015616519	0.01608532	0.020374062	0.012974705	0.019346546	0.018989308	0.014371344	0.006406473	0.015104086	0.013824646	0.015828898	0.3046274	0.013231215	0.020794243	0.050560498	0.012114546	0.017760087	0.015616443	0.312698181	0.014524152	0.01310111	0.021664711	0.016258682	0.00650675	0.006584499	0.005851889	0.009811956	0.020516255	0.009642672	0.01245666	0.010766723	0.021907744	0.009715046	0.012312591	0.009822032	0.010178871	0.011424202	0.011755688	0.015284247	0.012316646	0.011771894	0.015652764	0.019070737	0.016310764	0.014196667	0.020132596	0.010391956	0.0127586	0.00894851	0.00897964	0.007803015	0.008703458	0.008732775	0.00917123	0.010240019	0.012967581	0.015006336	0.014387789	0.016936009	0.019945453	0.021558594	0.015434269	0.081153173	0.013036944	0.018683765	0.020652007	0.017051241	0.008048939	0.009029883	0.009861387	0.432905945	0.018267518	0.011163612	0.011833891	0.020470871	0.015447711	0.204559711	0.011339806	0.020576657	0.01441003	0.011460733	0.011248334	0.025243174	0.031731593
0.029802949	0.010627467	0.016591513	0.009686608	0.016059594	0.010356093	0.320171546	0.345185853	0.355577854	0.287846206	0.289891671	1	0.271218419	0.327172771	0.252164776	0.22657458	0.014818727	0.010446327	0.013633668	0.020367314	0.164223574	0.072308781	0.01661562	0.027716663	0.023559144	0.067572361	0.073622198	0.066396719	0.057683468	0.056794187	0.067076139	0.083398074	0.089498436	0.084599634	0.081159604	0.058349421	0.085969175	0.073379841	0.061834221	0.068917492	0.025430663	0.015931025	0.020713653	0.019656368	0.01067971	0.024094853	0.079413988	0.079296153	0.079720559	0.169753979	0.011990679	0.012008918	0.012750851	0.010946079	0.010316039	0.011704946	0.011138961	0.014233915	0.014624548	0.012176321	0.014383404	0.008533753	0.011333204	0.013779786	0.013446692	0.219418666	0.007342136	0.007668311	0.016612089	0.01621866	0.017671167	0.014888304	0.017595295	0.015019432	0.015183483	0.01544266	0.012813867	0.018296244	0.016759137	0.017311772	0.015590966	0.018541789	0.014655484	0.016971142	0.024363588	0.016208831	0.025148996	0.010177586	0.012044354	0.016293207	0.024704454	0.012331046	0.017659118	0.016249859	0.014451132	0.015855908	0.013864386	0.01607124	0.01770884	0.018544497	0.018287713	0.017471098	0.015044777	0.013958744	0.016860581	0.010494196	0.041303557	0.013174153	0.013553954	0.013848495	0.018113564	0.013819703	0.012287605	0.01107646	0.013413382	0.02196049	0.022751022	0.014721078	0.012662225	0.020114067	0.017754922	0.015902537	0.018670378	0.015169837	0.019639027	0.022064797	0.014485145	0.006965311	0.013165446	0.015281082	0.014497086	0.332446504	0.01134194	0.018358094	0.054635556	0.010178468	0.017473858	0.016684508	0.33417583	0.014300452	0.015925549	0.020131356	0.022210681	0.006716848	0.006145329	0.006296108	0.008853594	0.019437991	0.00884118	0.008814137	0.009744106	0.020756348	0.009204456	0.010546876	0.009748954	0.008753698	0.008451449	0.013117912	0.013718804	0.014459816	0.015462397	0.013241169	0.018330306	0.016501223	0.014485196	0.013145937	0.011347691	0.013167343	0.008341462	0.009453001	0.007392916	0.007686981	0.007584326	0.008689222	0.009701839	0.012087888	0.013949397	0.012295183	0.013668739	0.013664121	0.023902238	0.014623097	0.077195594	0.011734179	0.018439386	0.023685895	0.016742544	0.008596486	0.010293099	0.009610052	0.333704236	0.019426718	0.010381023	0.009121581	0.021242135	0.011162923	0.182555345	0.014005344	0.017870617	0.016717578	0.0115099	0.015501324	0.024290175	0.023449834
0.030186171	0.008372094	0.017551737	0.01051196	0.018331632	0.010019589	0.334519372	0.340834194	0.34686583	0.277465578	0.30894384	0.271218419	1	0.372142363	0.370121575	0.363654798	0.015206764	0.01749877	0.013586252	0.016390329	0.163526581	0.066938472	0.017152912	0.02919598	0.025418302	0.089595806	0.081490875	0.08142435	0.07638025	0.080534265	0.089326728	0.082634134	0.087586777	0.084162771	0.087872381	0.069924902	0.07428743	0.074629254	0.080870865	0.087179688	0.016865136	0.014940624	0.023924561	0.028497368	0.011453332	0.027116307	0.095399809	0.10677641	0.098027002	0.16432894	0.012365677	0.012613828	0.013360147	0.012638985	0.012538425	0.011635909	0.012609509	0.012450996	0.011592468	0.013608707	0.014344224	0.009680703	0.011478932	0.014329159	0.01078955	0.20137671	0.007692978	0.008802502	0.015924319	0.016128532	0.015695513	0.016899714	0.016491578	0.016647707	0.017531741	0.018887522	0.012523244	0.019400171	0.016178949	0.015430251	0.013949107	0.014867665	0.015109002	0.014324471	0.025264412	0.014924775	0.015224868	0.013529847	0.012973781	0.016502714	0.015719022	0.016355435	0.017258602	0.015167921	0.017239077	0.019665051	0.017386152	0.018702259	0.016921273	0.015599401	0.016775425	0.018389701	0.018480407	0.019213495	0.023974018	0.010435879	0.021638617	0.01902166	0.016810086	0.015010886	0.01641527	0.019087368	0.013577024	0.015482064	0.018788952	0.014625448	0.017956026	0.018126331	0.016245053	0.015772416	0.01498602	0.015771457	0.016987354	0.013510514	0.035141747	0.016847344	0.015258258	0.006147819	0.01942233	0.026532984	0.01620248	0.247029595	0.00927084	0.019501184	0.082089201	0.011186739	0.014421037	0.025189144	0.262293219	0.013391177	0.015655907	0.019990407	0.019956375	0.006710021	0.006318657	0.006757787	0.011807126	0.022435088	0.012238315	0.013618181	0.010332029	0.020128638	0.009766755	0.011491773	0.0097247	0.010519289	0.010962963	0.018300395	0.01338057	0.013361033	0.013350548	0.014216116	0.015118034	0.029447426	0.013361503	0.015664675	0.010817511	0.016178893	0.009972261	0.010805567	0.008927973	0.010617033	0.009916569	0.010292639	0.011054914	0.011039059	0.015215594	0.018950645	0.020164813	0.018256785	0.021128365	0.014481992	0.096567117	0.013136123	0.018676489	0.01599364	0.01398277	0.009549639	0.010154662	0.009463245	0.336228649	0.017172233	0.015870954	0.011933541	0.015902596	0.015326536	0.143109651	0.015739999	0.01851178	0.021165676	0.012757702	0.012756776	0.025738011	0.033495513
0.028789178	0.010902959	0.020479123	0.013974905	0.012871798	0.010458542	0.393199851	0.447837311	0.439744743	0.375197747	0.380465047	0.327172771	0.372142363	1	0.379515174	0.318495173	0.011420904	0.010752547	0.011103662	0.014933512	0.161491933	0.066349856	0.016134607	0.030230121	0.022757762	0.090264002	0.096624295	0.081185918	0.072462425	0.090529515	0.085615449	0.08239216	0.087941002	0.082396097	0.075681833	0.068844995	0.086819633	0.087219122	0.079724648	0.08393731	0.015287046	0.014896874	0.028625405	0.021407748	0.01353457	0.020277678	0.084240663	0.081322157	0.075458809	0.17052302	0.01166896	0.013924416	0.011544888	0.010833276	0.012293348	0.012915251	0.013896015	0.013939128	0.013484942	0.01314483	0.019889025	0.01189308	0.010078713	0.013730555	0.014461514	0.228221889	0.008437496	0.010067421	0.018274321	0.017868114	0.018944195	0.01218401	0.012465072	0.01345088	0.017787077	0.014124161	0.01294063	0.017033707	0.01586712	0.016084388	0.013908261	0.015344274	0.014007583	0.014022843	0.028119551	0.014881071	0.019267285	0.012633706	0.017955649	0.018469212	0.022389989	0.014528538	0.021275425	0.013192845	0.017188597	0.018300302	0.01400154	0.018992818	0.016871723	0.016823413	0.016377838	0.017643933	0.021335706	0.018434318	0.016699926	0.009441864	0.027328654	0.015569071	0.019833687	0.013985492	0.017650903	0.01522518	0.011281055	0.010291152	0.014410718	0.013975012	0.017306664	0.014283699	0.01335582	0.017364379	0.013945994	0.013717792	0.024287894	0.011357862	0.013883315	0.016112377	0.014921009	0.006029328	0.013584723	0.01690199	0.01565019	0.285751356	0.01265984	0.02351377	0.069035429	0.010935276	0.016666346	0.01525998	0.305369987	0.012806986	0.016083094	0.020729145	0.01628013	0.005854076	0.006676283	0.006263491	0.009835297	0.023282429	0.009672696	0.010862642	0.010148016	0.020515689	0.009147964	0.011780886	0.010292914	0.009739308	0.012428239	0.013247682	0.013597953	0.013065718	0.012799475	0.016314033	0.017718284	0.015341886	0.017763169	0.017440999	0.01011172	0.01634951	0.008976373	0.010364789	0.009332563	0.009033338	0.00988753	0.009667572	0.01071636	0.010806611	0.015712861	0.015116122	0.016204647	0.013799294	0.022383152	0.015424102	0.075785096	0.012681858	0.017504492	0.015946806	0.013051921	0.00938165	0.009449931	0.008087601	0.437696084	0.019618899	0.011274942	0.010939032	0.015545127	0.023548782	0.169523995	0.010656358	0.019688077	0.013787749	0.012501028	0.009979853	0.021133941	0.02732517
0.02995795	0.010852307	0.016677803	0.011301859	0.018705517	0.008856229	0.309529377	0.313493071	0.339262828	0.261392381	0.292007701	0.252164776	0.370121575	0.379515174	1	0.424664372	0.011171847	0.015750986	0.012378326	0.015425045	0.150211393	0.067995503	0.020235158	0.021731434	0.020077939	0.080891064	0.080250252	0.067041329	0.075802781	0.066347332	0.085529851	0.071986014	0.076286959	0.072026443	0.066890745	0.057491444	0.075236558	0.078618201	0.061854084	0.065708062	0.02343268	0.0133449	0.020456095	0.020533445	0.014945158	0.023771645	0.06930717	0.073529602	0.075995349	0.147683922	0.015340234	0.011400742	0.010386325	0.011883248	0.011821448	0.010458508	0.011855534	0.010622564	0.01299619	0.011817592	0.013123606	0.009092824	0.00918173	0.00978836	0.011234598	0.189051281	0.00827105	0.009121361	0.021767669	0.015413756	0.01803635	0.012901496	0.015046984	0.017376421	0.019841185	0.018158951	0.010394798	0.013218819	0.013950841	0.01299335	0.014888449	0.013978667	0.012627176	0.013182268	0.027988914	0.021329189	0.017143767	0.015345777	0.011530471	0.015375214	0.021330857	0.014461041	0.016816699	0.017295217	0.020336807	0.015613099	0.015595598	0.020966899	0.017129208	0.020852582	0.015954904	0.016873258	0.016731855	0.018708454	0.017926055	0.012850325	0.023861133	0.016905535	0.015848845	0.012455201	0.01820777	0.013891577	0.015046386	0.010466023	0.012622517	0.020562738	0.01514723	0.015958239	0.014708002	0.015979277	0.018838777	0.016318269	0.017495108	0.01314546	0.016779991	0.01671997	0.019219833	0.005601229	0.016110856	0.016823467	0.015326233	0.255352046	0.010000814	0.024754792	0.050234614	0.013061368	0.014962553	0.01740416	0.250782875	0.014374827	0.015772958	0.017855343	0.019085296	0.00591937	0.006551672	0.00566763	0.010976223	0.022719867	0.010516475	0.012163699	0.010560001	0.027523118	0.011455262	0.011726154	0.009057258	0.011931153	0.009985825	0.013186136	0.0143009	0.011475015	0.013759213	0.013310034	0.014477288	0.016850329	0.01534056	0.013732515	0.013084166	0.020179207	0.011546344	0.011538343	0.010575404	0.009974803	0.012752489	0.009030495	0.010666574	0.011353984	0.021572224	0.017463986	0.020012358	0.0146119	0.01922124	0.021232105	0.072341498	0.008898139	0.016681758	0.019668372	0.016239106	0.010034936	0.009674773	0.009257531	0.334271	0.017752503	0.012994544	0.010124127	0.013925616	0.015958726	0.146426765	0.01157111	0.018371822	0.01400377	0.011351464	0.013049878	0.024040866	0.025989413
0.034668192	0.011283115	0.018211308	0.009967773	0.017312683	0.009861416	0.280328657	0.295284205	0.312213763	0.250631863	0.266544934	0.22657458	0.363654798	0.318495173	0.424664372	1	0.010834715	0.015917595	0.01335056	0.014355137	0.127773202	0.056405785	0.020385968	0.023387362	0.022134892	0.072378293	0.06425145	0.0591324	0.061384652	0.059390427	0.061353872	0.069339107	0.070938994	0.066608103	0.070716072	0.068068645	0.064956477	0.065876845	0.066717823	0.063308689	0.015265144	0.019125683	0.020193056	0.017847281	0.012282608	0.025253388	0.058913752	0.064519207	0.07900744	0.128614901	0.011441362	0.012128649	0.012894737	0.01306601	0.016135521	0.010706397	0.013035538	0.010430491	0.017448166	0.013825935	0.01184072	0.009308343	0.008529045	0.010776618	0.012758791	0.184009182	0.007164462	0.007890893	0.01678902	0.016689427	0.026296998	0.019018495	0.017295303	0.015163779	0.019061526	0.014691588	0.012260486	0.01470884	0.014550968	0.014251414	0.015508729	0.013779991	0.012387864	0.014553125	0.023280002	0.015769531	0.013980596	0.013309441	0.011607038	0.017792636	0.017925438	0.013595325	0.014664877	0.016393658	0.018836086	0.019645971	0.014946188	0.017945194	0.02544324	0.015848406	0.017043202	0.020798331	0.019104793	0.017678662	0.01835094	0.00942441	0.023938158	0.019036855	0.013947374	0.01475048	0.01962035	0.016547882	0.013104059	0.01071409	0.014977421	0.020430997	0.014290074	0.015742429	0.015925264	0.015022671	0.017931941	0.01500045	0.01953794	0.016417582	0.02391407	0.016417645	0.01281881	0.007679451	0.015903691	0.011980674	0.013631858	0.24698423	0.013104453	0.021194736	0.054089802	0.011365307	0.014651232	0.019760313	0.232501497	0.017214406	0.017833791	0.020715693	0.022486738	0.007669271	0.006994401	0.007155756	0.009566109	0.024653878	0.009552697	0.009684892	0.010810295	0.022267713	0.011726776	0.009866374	0.010183928	0.01022918	0.008544188	0.015790903	0.013594157	0.015401618	0.014607014	0.013353	0.014012043	0.015902083	0.013042441	0.016179967	0.009959855	0.01776989	0.008583583	0.009449461	0.011411256	0.010786507	0.011068158	0.011517784	0.011075386	0.012030926	0.021807487	0.014852425	0.014677034	0.012564915	0.031304038	0.02106657	0.059814577	0.011439263	0.017077151	0.019428078	0.014810479	0.011271528	0.008528518	0.009888996	0.295531118	0.017446344	0.010682345	0.010950736	0.013305304	0.01863437	0.145072365	0.011647946	0.022986667	0.015769257	0.012514404	0.010767106	0.024995227	0.02969907
